P=[0.01000    0.010000    0.50000   0.50000];
kp1=P(1);
kp2=P(2);
ki1=P(3);
ki2=P(4);