function out1 = R_Poly_Eq(X0,X1,X2,X3,X_d0,X_d1,X_d2,X_d3,X_dd0,X_dd1,X_dd2,X_dd3,a0,a1,a2,a3,a4,a5,a6,a7,a8,a9,a10,a11,t0,t1,t2,t3)
%R_Poly_Eq
%    OUT1 = R_Poly_Eq(X0,X1,X2,X3,X_d0,X_d1,X_d2,X_d3,X_dd0,X_dd1,X_dd2,X_dd3,A0,A1,A2,A3,A4,A5,A6,A7,A8,A9,A10,A11,T0,T1,T2,T3)

%    This function was generated by the Symbolic Math Toolbox version 9.3.
%    28-Sep-2023 12:07:27

mt1 = [-X0+a0+a1.*t0+a2.*t0.^2+a3.*t0.^3+a4.*t0.^4+a5.*t0.^5+a6.*t0.^6+a7.*t0.^7+a8.*t0.^8+a9.*t0.^9+a10.*t0.^10+a11.*t0.^11;-X1+a0+a1.*t1+a2.*t1.^2+a3.*t1.^3+a4.*t1.^4+a5.*t1.^5+a6.*t1.^6+a7.*t1.^7+a8.*t1.^8+a9.*t1.^9+a10.*t1.^10+a11.*t1.^11;-X_d0+a1+a2.*t0.*2.0+a3.*t0.^2.*3.0+a4.*t0.^3.*4.0+a5.*t0.^4.*5.0+a6.*t0.^5.*6.0+a7.*t0.^6.*7.0+a8.*t0.^7.*8.0+a9.*t0.^8.*9.0+a10.*t0.^9.*1.0e+1+a11.*t0.^10.*1.1e+1];
mt2 = [-X_d1+a1+a2.*t1.*2.0+a3.*t1.^2.*3.0+a4.*t1.^3.*4.0+a5.*t1.^4.*5.0+a6.*t1.^5.*6.0+a7.*t1.^6.*7.0+a8.*t1.^7.*8.0+a9.*t1.^8.*9.0+a10.*t1.^9.*1.0e+1+a11.*t1.^10.*1.1e+1;-X_dd0+a2.*2.0+a3.*t0.*6.0+a4.*t0.^2.*1.2e+1+a5.*t0.^3.*2.0e+1+a6.*t0.^4.*3.0e+1+a7.*t0.^5.*4.2e+1+a8.*t0.^6.*5.6e+1+a9.*t0.^7.*7.2e+1+a10.*t0.^8.*9.0e+1+a11.*t0.^9.*1.1e+2];
mt3 = [-X_dd1+a2.*2.0+a3.*t1.*6.0+a4.*t1.^2.*1.2e+1+a5.*t1.^3.*2.0e+1+a6.*t1.^4.*3.0e+1+a7.*t1.^5.*4.2e+1+a8.*t1.^6.*5.6e+1+a9.*t1.^7.*7.2e+1+a10.*t1.^8.*9.0e+1+a11.*t1.^9.*1.1e+2;-X2+a0+a1.*t2+a2.*t2.^2+a3.*t2.^3+a4.*t2.^4+a5.*t2.^5+a6.*t2.^6+a7.*t2.^7+a8.*t2.^8+a9.*t2.^9+a10.*t2.^10+a11.*t2.^11;-X3+a0+a1.*t3+a2.*t3.^2+a3.*t3.^3+a4.*t3.^4+a5.*t3.^5+a6.*t3.^6+a7.*t3.^7+a8.*t3.^8+a9.*t3.^9+a10.*t3.^10+a11.*t3.^11];
mt4 = [-X_d2+a1+a2.*t2.*2.0+a3.*t2.^2.*3.0+a4.*t2.^3.*4.0+a5.*t2.^4.*5.0+a6.*t2.^5.*6.0+a7.*t2.^6.*7.0+a8.*t2.^7.*8.0+a9.*t2.^8.*9.0+a10.*t2.^9.*1.0e+1+a11.*t2.^10.*1.1e+1;-X_d3+a1+a2.*t3.*2.0+a3.*t3.^2.*3.0+a4.*t3.^3.*4.0+a5.*t3.^4.*5.0+a6.*t3.^5.*6.0+a7.*t3.^6.*7.0+a8.*t3.^7.*8.0+a9.*t3.^8.*9.0+a10.*t3.^9.*1.0e+1+a11.*t3.^10.*1.1e+1];
mt5 = [-X_dd2+a2.*2.0+a3.*t2.*6.0+a4.*t2.^2.*1.2e+1+a5.*t2.^3.*2.0e+1+a6.*t2.^4.*3.0e+1+a7.*t2.^5.*4.2e+1+a8.*t2.^6.*5.6e+1+a9.*t2.^7.*7.2e+1+a10.*t2.^8.*9.0e+1+a11.*t2.^9.*1.1e+2;-X_dd3+a2.*2.0+a3.*t3.*6.0+a4.*t3.^2.*1.2e+1+a5.*t3.^3.*2.0e+1+a6.*t3.^4.*3.0e+1+a7.*t3.^5.*4.2e+1+a8.*t3.^6.*5.6e+1+a9.*t3.^7.*7.2e+1+a10.*t3.^8.*9.0e+1+a11.*t3.^9.*1.1e+2];
out1 = [mt1;mt2;mt3;mt4;mt5];
end
